1,912828U32,1300,0,500,800
2,912828U65,1300,0,300,1000
3,912828U57,-600,100,-700,0
4,912828U24,700,0,700,0
5,912810RU4,800,0,400,400
6,912828U40,200,0,200,0
7,912828U32,1100,0,300,800
8,912828U65,600,-700,300,1000
9,912828U57,100,100,-700,700
10,912828U24,800,100,700,0
11,912810RU4,1600,0,400,1200
12,912828U40,500,0,200,300
1,912828U32,1300,0,500,800
2,912828U65,1300,0,300,1000
3,912828U57,-600,100,-700,0
4,912828U24,700,0,700,0
5,912810RU4,800,0,400,400
6,912828U40,200,0,200,0
7,912828U32,1100,0,300,800
8,912828U65,600,-700,300,1000
9,912828U57,100,100,-700,700
10,912828U24,800,100,700,0
11,912810RU4,1600,0,400,1200
12,912828U40,500,0,200,300
1,912828U32,1300,0,500,800
2,912828U65,1300,0,300,1000
3,912828U57,-600,100,-700,0
4,912828U24,700,0,700,0
5,912810RU4,800,0,400,400
6,912828U40,200,0,200,0
7,912828U32,1100,0,300,800
8,912828U65,600,-700,300,1000
9,912828U57,100,100,-700,700
10,912828U24,800,100,700,0
11,912810RU4,1600,0,400,1200
12,912828U40,500,0,200,300
1,912828U32,1300,0,500,800
2,912828U65,1300,0,300,1000
3,912828U57,-600,100,-700,0
4,912828U24,700,0,700,0
5,912810RU4,800,0,400,400
6,912828U40,200,0,200,0
7,912828U32,1100,0,300,800
8,912828U65,600,-700,300,1000
9,912828U57,100,100,-700,700
10,912828U24,800,100,700,0
11,912810RU4,1600,0,400,1200
12,912828U40,500,0,200,300
